5 0.1 0.13515625 0.14296875 0.15625
5 0.234375 0.13828125 0.125 0.15078125
5 0.375 0.13828125 0.16171875 0.16171875
5 0.53359375 0.1421875 0.15625 0.21640625
5 0.71640625 0.13515625 0.18203125 0.21328125
5 0.90625 0.12890625 0.16171875 0.21640625
5 0.1234375 0.3671875 0.21640625 0.234375
5 0.32265625 0.40390625 0.1875 0.203125
5 0.48984375 0.38125 0.16171875 0.26796875
5 0.67421875 0.3921875 0.20859375 0.2578125
5 0.8890625 0.38046875 0.1953125 0.25546875
5 0.9046875 0.65234375 0.15390625 0.27890625
5 0.72265625 0.64453125 0.18515625 0.24765625
5 0.5453125 0.646875 0.1640625 0.24765625
5 0.334375 0.6234375 0.2421875 0.16953125
5 0.12265625 0.63828125 0.1875 0.25
5 0.11875 0.87109375 0.16953125 0.21640625
5 0.3421875 0.8515625 0.2578125 0.25546875
5 0.57265625 0.88046875 0.19765625 0.21875
5 0.74453125 0.88046875 0.13515625 0.203125
5 0.89296875 0.89296875 0.140625 0.19765625