5 0.630859375 0.3974609375 0.611328125 0.3720703125 0.5966796875 0.357421875 0.5224609375 0.408203125 0.505859375 0.4326171875 0.501953125 0.4560546875 0.291015625 0.6494140625 0.291015625 0.6591796875 0.302734375 0.6630859375 0.5205078125 0.48046875 0.5576171875 0.474609375 0.5771484375 0.458984375 0.630859375 0.3974609375
5 0.4892578125 0.169921875 0.482421875 0.1845703125 0.482421875 0.2060546875 0.4921875 0.2451171875 0.5126953125 0.275390625 0.5263671875 0.283203125 0.544921875 0.2822265625 0.5703125 0.2646484375 0.580078125 0.2412109375 0.578125 0.1728515625 0.4892578125 0.169921875
5 0.892578125 0.4658203125 0.876953125 0.4423828125 0.8466796875 0.416015625 0.8271484375 0.41015625 0.8076171875 0.4140625 0.78515625 0.4443359375 0.791015625 0.4892578125 0.806640625 0.5205078125 0.8251953125 0.5390625 0.873046875 0.5556640625 1 0.7353515625 0.99609375 0.6962890625 0.892578125 0.5380859375 0.8984375 0.5087890625 0.892578125 0.4658203125
5 0.677734375 0.4833984375 0.64453125 0.5439453125 0.638671875 0.5634765625 0.638671875 0.6220703125 0.56640625 0.8271484375 0.5693359375 0.83203125 0.583984375 0.8310546875 0.70703125 0.5126953125 0.72265625 0.4521484375 0.7177734375 0.4453125 0.677734375 0.4833984375
5 0.26953125 0.5146484375 0.26171875 0.4775390625 0.24609375 0.4501953125 0.2255859375 0.4375 0.2080078125 0.4375 0.1943359375 0.443359375 0.17578125 0.4697265625 0.169921875 0.5302734375 0.1796875 0.5576171875 0.208984375 0.5869140625 0.212890625 0.8076171875 0.21484375 0.8291015625 0.23046875 0.8310546875 0.234375 0.5966796875 0.236328125 0.5830078125 0.263671875 0.5556640625 0.26953125 0.5146484375
5 0.373046875 0.1748046875 0.3701171875 0.169921875 0.3544921875 0.169921875 0.35546875 0.4287109375 0.36328125 0.4833984375 0.3681640625 0.490234375 0.375 0.4892578125 0.396484375 0.4345703125 0.400390625 0.3525390625 0.37890625 0.3037109375 0.373046875 0.1748046875
5 0.193359375 0.2236328125 0.1533203125 0.169921875 0.1337890625 0.169921875 0.24609375 0.3427734375 0.2880859375 0.390625 0.294921875 0.3896484375 0.296875 0.3720703125 0.283203125 0.3251953125 0.25390625 0.2724609375 0.193359375 0.2236328125
5 0.1826171875 0.3359375 0.1064453125 0.30078125 0.0009765625 0.208984375 0 0.2431640625 0.10546875 0.3330078125 0.1669921875 0.4140625 0.1962890625 0.435546875 0.208984375 0.4365234375 0.22265625 0.4287109375 0.2421875 0.3974609375 0.224609375 0.3701171875 0.1826171875 0.3359375
5 0.8583984375 0.607421875 0.8173828125 0.58984375 0.796875 0.6044921875 0.759765625 0.6630859375 0.763671875 0.7197265625 0.71875 0.8271484375 0.7197265625 0.83203125 0.7421875 0.8310546875 0.787109375 0.7333984375 0.82421875 0.7001953125 0.859375 0.6142578125 0.8583984375 0.607421875
5 0.8486328125 0.3359375 0.859375 0.3349609375 0.84765625 0.2978515625 0.822265625 0.2529296875 0.77734375 0.2041015625 0.759765625 0.1728515625 0.7373046875 0.169921875 0.734375 0.1748046875 0.751953125 0.2177734375 0.765625 0.2998046875 0.7890625 0.3369140625 0.8095703125 0.357421875 0.81640625 0.3564453125 0.8271484375 0.35546875 0.8349609375 0.34375 0.8427734375 0.345703125 0.8486328125 0.3359375
5 0.650390625 0.2294921875 0.63671875 0.1728515625 0.6162109375 0.169921875 0.6171875 0.2001953125 0.650390625 0.3564453125 0.66796875 0.4072265625 0.6796875 0.4150390625 0.69140625 0.3779296875 0.69140625 0.3193359375 0.68359375 0.2802734375 0.650390625 0.2294921875